# Lodders et al. 2020 solar abundances
#Symbol	Z	A	Isotope Mass Fraction
h	1	1	0.7462
h	1	2	0.0
he	2	3	7.677e-05
he	2	4	0.2388
li	3	6	6.197e-10
li	3	7	8.842e-09
be	4	9	1.375e-10
b	5	10	8.637e-10
b	5	11	3.798e-09
c	6	12	0.002596
c	6	13	2.941e-05
n	7	14	0.0007314
n	7	15	1.775e-06
o	8	16	0.006362
o	8	17	2.362e-06
o	8	18	1.35e-05
f	9	19	5.767e-07
ne	10	20	0.00195
ne	10	21	4.909e-06
ne	10	22	0.0001528
na	11	23	3.184e-05
mg	12	24	0.0004655
mg	12	25	6.166e-05
mg	12	26	7.035e-05
al	13	27	5.288e-05
si	14	28	0.000618
si	14	29	3.249e-05
si	14	30	2.219e-05
p	15	31	6.13e-06
s	16	32	0.0003184
s	16	33	2.583e-06
s	16	34	1.489e-05
s	16	36	5.515e-08
cl	17	35	3.36e-06
cl	17	37	1.134e-06
ar	18	36	7.124e-05
ar	18	38	1.367e-05
ar	18	40	2.295e-08
k	19	39	3.14e-06
k	19	40	4.022e-10
k	19	41	2.382e-07
ca	20	40	5.313e-05
ca	20	42	3.72e-07
ca	20	43	7.926e-08
ca	20	44	1.257e-06
ca	20	46	2.202e-09
ca	20	48	1.229e-07
sc	21	45	3.63e-08
ti	22	46	2.235e-07
ti	22	47	2.059e-07
ti	22	48	2.079e-06
ti	22	49	1.56e-07
ti	22	50	1.532e-07
v	23	50	8.377e-10
v	23	51	3.351e-07
cr	24	50	6.833e-07
cr	24	52	1.369e-05
cr	24	53	1.586e-06
cr	24	54	4.006e-07
mn	25	55	1.197e-05
fe	26	54	6.591e-05
fe	26	56	0.001074
fe	26	57	2.524e-05
fe	26	58	3.415e-06
co	27	59	3.191e-06
ni	28	58	4.595e-05
ni	28	60	1.838e-05
ni	28	61	8.103e-07
ni	28	62	2.626e-06
ni	28	64	6.893e-07
cu	29	63	5.579e-07
cu	29	65	2.567e-07
zn	30	64	9.497e-07
zn	30	66	5.513e-07
zn	30	67	8.178e-08
zn	30	68	3.792e-07
zn	30	70	1.34e-08
ga	31	69	3.584e-08
ga	31	71	2.447e-08
ge	32	70	4.138e-08
ge	32	72	5.687e-08
ge	32	73	1.625e-08
ge	32	74	7.775e-08
ge	32	76	1.692e-08
as	33	75	1.09e-08
se	34	74	1.027e-09
se	34	76	1.133e-08
se	34	77	9.455e-09
se	34	78	2.987e-08
se	34	80	6.445e-08
se	34	82	1.17e-08
br	35	79	1.184e-08
br	35	81	1.181e-08
kr	36	78	3.547e-10
kr	36	80	2.298e-09
kr	36	82	1.176e-08
kr	36	83	1.18e-08
kr	36	84	5.867e-08
kr	36	86	1.809e-08
rb	37	85	1.034e-08
rb	37	87	4.081e-09
sr	38	84	2.614e-10
sr	38	86	4.734e-09
sr	38	87	3.353e-09
sr	38	88	4.052e-08
y	39	89	9.266e-09
zr	40	90	1.211e-08
zr	40	91	2.67e-09
zr	40	92	4.124e-09
zr	40	94	4.273e-09
zr	40	96	7.032e-10
nb	41	93	1.736e-09
mo	42	92	8.368e-10
mo	42	94	5.355e-10
mo	42	95	9.369e-10
mo	42	96	9.95e-10
mo	42	97	5.781e-10
mo	42	98	1.478e-09
mo	42	100	6.056e-10
ru	44	96	2.298e-10
ru	44	98	7.976e-11
ru	44	99	5.451e-10
ru	44	100	5.458e-10
ru	44	101	7.447e-10
ru	44	102	1.392e-09
ru	44	104	8.365e-10
rh	45	103	8.334e-10
pd	46	102	3.443e-11
pd	46	104	3.824e-10
pd	46	105	7.739e-10
pd	46	106	9.566e-10
pd	46	108	9.437e-10
pd	46	110	4.266e-10
ag	47	107	6.609e-10
ag	47	109	6.236e-10
cd	48	106	5.075e-11
cd	48	108	3.62e-11
cd	48	110	5.188e-10
cd	48	111	5.368e-10
cd	48	112	1.022e-09
cd	48	113	5.221e-10
cd	48	114	1.239e-09
cd	48	116	3.305e-10
in	49	113	2.164e-11
in	49	115	4.708e-10
sn	50	112	9.384e-11
sn	50	114	6.55e-11
sn	50	115	3.304e-11
sn	50	116	1.45e-09
sn	50	117	7.731e-10
sn	50	118	2.458e-09
sn	50	119	8.775e-10
sn	50	120	3.364e-09
sn	50	122	4.849e-10
sn	50	124	6.175e-10
sb	51	121	5.939e-10
sb	51	123	4.535e-10
te	52	120	1.436e-11
te	52	122	3.593e-10
te	52	123	1.266e-10
te	52	124	6.739e-10
te	52	125	1.009e-09
te	52	126	2.697e-09
te	52	128	4.579e-09
te	52	130	4.961e-09
i	53	127	4.835e-09
xe	54	124	2.078e-11
xe	54	126	1.81e-11
xe	54	128	3.739e-10
xe	54	129	4.654e-09
xe	54	130	7.439e-10
xe	54	131	3.751e-09
xe	54	132	4.579e-09
xe	54	134	1.716e-09
xe	54	136	1.417e-09
cs	55	133	1.172e-09
ba	56	130	1.556e-11
ba	56	132	1.58e-11
ba	56	134	3.529e-10
ba	56	135	9.697e-10
ba	56	136	1.162e-09
ba	56	137	1.676e-09
ba	56	138	1.078e-08
la	57	138	1.322e-12
la	57	139	1.528e-09
ce	58	136	6.513e-12
ce	58	138	9.913e-12
ce	58	140	3.453e-09
ce	58	142	4.386e-10
pr	59	141	5.908e-10
nd	60	142	7.956e-10
nd	60	143	3.595e-09
nd	60	144	7.069e-10
nd	60	145	2.639e-10
nd	60	146	5.174e-10
nd	60	148	1.737e-10
nd	60	150	1.724e-10
sm	62	144	2.896e-11
sm	62	147	1.433e-10
sm	62	148	1.081e-10
sm	62	149	1.338e-10
sm	62	150	7.184e-11
sm	62	152	2.643e-10
sm	62	154	2.275e-10
eu	63	151	1.732e-10
eu	63	153	1.916e-10
gd	64	152	4.619e-13
gd	64	154	2.783e-11
gd	64	155	1.901e-10
gd	64	156	2.645e-10
gd	64	157	2.036e-10
gd	64	158	3.251e-10
gd	64	160	2.899e-10
tb	65	159	2.38e-10
dy	66	156	1.868e-13
dy	66	158	1.514e-12
dy	66	160	3.64e-11
dy	66	161	2.965e-10
dy	66	162	4.027e-10
dy	66	163	3.958e-10
dy	66	164	4.521e-10
ho	67	165	3.521e-10
er	68	162	1.383e-12
er	68	164	1.613e-11
er	68	166	3.416e-10
er	68	167	2.346e-10
er	68	168	2.784e-10
er	68	170	1.557e-10
tm	69	169	1.631e-10
yb	70	168	1.207e-12
yb	70	170	3.054e-11
yb	70	171	1.458e-10
yb	70	172	2.253e-10
yb	70	173	1.682e-10
yb	70	174	3.367e-10
yb	70	176	1.383e-10
lu	71	175	1.551e-10
lu	71	176	4.216e-12
hf	72	174	1.042e-12
hf	72	176	3.457e-11
hf	72	177	1.225e-10
hf	72	178	1.808e-10
hf	72	179	9.09e-11
hf	72	180	2.35e-10
ta	73	180	1.121e-14
ta	73	181	9.321e-11
w	74	180	8.623e-13
w	74	182	1.661e-10
w	74	183	9.03e-11
w	74	184	1.939e-10
w	74	186	1.818e-10
re	75	185	8.641e-11
re	75	187	1.46e-10
os	76	184	5.73e-13
os	76	186	4.638e-11
os	76	187	4.927e-11
os	76	188	3.912e-09
os	76	189	4.797e-10
os	76	190	7.843e-10
os	76	192	1.232e-09
ir	77	191	1.08e-09
ir	77	193	1.835e-09
pt	78	190	7.282e-13
pt	78	192	4.507e-11
pt	78	194	1.891e-09
pt	78	195	1.958e-09
pt	78	196	1.473e-09
pt	78	198	4.297e-10
au	79	197	9.203e-10
hg	80	196	4.695e-12
hg	80	198	1.802e-10
hg	80	199	3.051e-10
hg	80	200	4.168e-10
hg	80	201	2.359e-10
hg	80	202	5.42e-10
hg	80	204	1.271e-10
tl	81	203	2.578e-10
tl	81	205	6.188e-10
pb	82	204	3.226e-10
pb	82	206	3.079e-09
pb	82	207	3.401e-09
pb	82	208	9.743e-09
bi	83	209	7.08e-10
th	90	232	2.341e-10
u	92	234	2.725e-15
u	92	235	3.638e-13
u	92	238	5.076e-11
